function Y = BKT(t)
k1 = -1.27 + 0.98*1i;
k2 = -1.27 - 0.98*1i;
r1 = 0.84 -0.29*1i;
r2 = 0.84 + 0.29*1i;
c = 4.55;
Y = k1*r1.^t + k2*r2.^t + c;